sin(1.000000) = 0.841471
sin(3.000000) = 0.000000
sin(6.000000) = 0.000000
